Eigenvalue0:17.301442
Eigenvalue1:36.372014
Eigenvalue2:55.129073
Eigenvalue3:73.462983
Eigenvalue4:91.320108
Eigenvalue5:108.660228
Eigenvalue6:125.444991
Eigenvalue7:141.632687
Eigenvalue8:157.174161
Eigenvalue9:172.007741
Eigenvalue10:186.050755
Eigenvalue11:199.181666
Eigenvalue12:211.195910
Eigenvalue13:221.811652
Eigenvalue14:231.571568
Eigenvalue15:242.345028
Eigenvalue16:254.777106
Eigenvalue17:268.624338
Eigenvalue18:283.703090
Eigenvalue19:299.913603
Eigenvalue20:317.194827
Eigenvalue21:335.505913
Eigenvalue22:354.817945
Eigenvalue23:375.109638
Eigenvalue24:396.364870
Eigenvalue25:418.571146
Eigenvalue26:441.718608
Eigenvalue27:465.799362
Eigenvalue28:490.807002
Eigenvalue29:516.736274
Eigenvalue30:543.582829
Eigenvalue31:571.343035
Eigenvalue32:600.013834
Eigenvalue33:629.592638
Eigenvalue34:660.077238
Eigenvalue35:691.465742
Eigenvalue36:723.756519
Eigenvalue37:756.948158
Eigenvalue38:791.039429
Eigenvalue39:826.029259
Eigenvalue40:861.916709
Eigenvalue41:898.700949
Eigenvalue42:936.381249
Eigenvalue43:974.956960
Eigenvalue44:1014.427508
Eigenvalue45:1054.792380
Eigenvalue46:1096.051116
Eigenvalue47:1138.203307
Eigenvalue48:1181.248583
Eigenvalue49:1225.186612
Eigenvalue50:1270.017095
Eigenvalue51:1315.739761
Eigenvalue52:1362.354363
Eigenvalue53:1409.860680
Eigenvalue54:1458.258508
Eigenvalue55:1507.547662
Eigenvalue56:1557.727974
Eigenvalue57:1608.799289
Eigenvalue58:1660.761466
Eigenvalue59:1713.614376
Eigenvalue60:1767.357898
Eigenvalue61:1821.991925
Eigenvalue62:1877.516354
Eigenvalue63:1933.931092
Eigenvalue64:1991.236054
Eigenvalue65:2049.431160
Eigenvalue66:2108.516336
Eigenvalue67:2168.491513
Eigenvalue68:2229.356629
Eigenvalue69:2291.111624
Eigenvalue70:2353.756443
Eigenvalue71:2417.291035
Eigenvalue72:2481.715354
Eigenvalue73:2547.029353
Eigenvalue74:2613.232992
Eigenvalue75:2680.326231
Eigenvalue76:2748.309035
Eigenvalue77:2817.181369
Eigenvalue78:2886.943202
Eigenvalue79:2957.594504
Eigenvalue80:3029.135246
Eigenvalue81:3101.565401
Eigenvalue82:3174.884947
Eigenvalue83:3249.093857
Eigenvalue84:3324.192112
Eigenvalue85:3400.179689
Eigenvalue86:3477.056570
Eigenvalue87:3554.822736
Eigenvalue88:3633.478170
Eigenvalue89:3713.022854
Eigenvalue90:3793.456774
Eigenvalue91:3874.779914
Eigenvalue92:3956.992260
Eigenvalue93:4040.093801
Eigenvalue94:4124.084521
Eigenvalue95:4208.964411
Eigenvalue96:4294.733458
Eigenvalue97:4381.391652
Eigenvalue98:4468.938983
Eigenvalue99:4557.375440
Eigenvalue100:4646.701015
Eigenvalue101:4736.915699
Eigenvalue102:4828.019483
Eigenvalue103:4920.012360
Eigenvalue104:5012.894322
Eigenvalue105:5106.665362
Eigenvalue106:5201.325472
Eigenvalue107:5296.874646
Eigenvalue108:5393.312878
Eigenvalue109:5490.640163
Eigenvalue110:5588.856493
Eigenvalue111:5687.961864
Eigenvalue112:5787.956270
Eigenvalue113:5888.839706
Eigenvalue114:5990.612169
Eigenvalue115:6093.273652
Eigenvalue116:6196.824151
Eigenvalue117:6301.263663
Eigenvalue118:6406.592183
Eigenvalue119:6512.809707
Eigenvalue120:6619.916232
Eigenvalue121:6727.911755
Eigenvalue122:6836.796270
Eigenvalue123:6946.569776
Eigenvalue124:7057.232269
Eigenvalue125:7168.783746
Eigenvalue126:7281.224205
Eigenvalue127:7394.553641
Eigenvalue128:7508.772054
Eigenvalue129:7623.879439
Eigenvalue130:7739.875795
Eigenvalue131:7856.761119
Eigenvalue132:7974.535408
Eigenvalue133:8093.198662
Eigenvalue134:8212.750876
Eigenvalue135:8333.192050
Eigenvalue136:8454.522182
Eigenvalue137:8576.741268
Eigenvalue138:8699.849308
Eigenvalue139:8823.846300
Eigenvalue140:8948.732242
Eigenvalue141:9074.507132
Eigenvalue142:9201.170969
Eigenvalue143:9328.723751
Eigenvalue144:9457.165476
Eigenvalue145:9586.496153
Eigenvalue146:9716.716671
Eigenvalue147:9847.880861
Eigenvalue148:9981.539278
Eigenvalue149:10134.584961
