Eigenvalue0:2.228690
Eigenvalue1:4.127943
Eigenvalue2:6.057887
Eigenvalue3:8.000839
Eigenvalue4:9.949501
Eigenvalue5:11.900241
Eigenvalue6:13.851015
Eigenvalue7:15.800566
Eigenvalue8:17.748069
Eigenvalue9:19.692953
Eigenvalue10:21.634808
Eigenvalue11:23.573327
Eigenvalue12:25.508274
Eigenvalue13:27.439463
Eigenvalue14:29.366744
Eigenvalue15:31.289993
Eigenvalue16:33.209108
Eigenvalue17:35.123999
Eigenvalue18:37.034589
Eigenvalue19:38.940811
Eigenvalue20:40.842606
Eigenvalue21:42.739918
Eigenvalue22:44.632698
Eigenvalue23:46.520901
Eigenvalue24:48.404483
Eigenvalue25:50.283406
Eigenvalue26:52.157631
Eigenvalue27:54.027122
Eigenvalue28:55.891846
Eigenvalue29:57.751767
Eigenvalue30:59.606855
Eigenvalue31:61.457078
Eigenvalue32:63.302405
Eigenvalue33:65.142806
Eigenvalue34:66.978251
Eigenvalue35:68.808710
Eigenvalue36:70.634154
Eigenvalue37:72.454554
Eigenvalue38:74.269882
Eigenvalue39:76.080108
Eigenvalue40:77.885203
Eigenvalue41:79.685138
Eigenvalue42:81.479886
Eigenvalue43:83.269420
Eigenvalue44:85.053729
Eigenvalue45:86.832844
Eigenvalue46:88.606952
Eigenvalue47:90.376670
Eigenvalue48:92.143639
Eigenvalue49:93.911450
Eigenvalue50:95.686439
Eigenvalue51:97.477368
Eigenvalue52:99.293465
Eigenvalue53:101.141880
Eigenvalue54:103.026351
Eigenvalue55:104.947529
Eigenvalue56:106.904094
Eigenvalue57:108.893781
Eigenvalue58:110.914029
Eigenvalue59:112.962292
Eigenvalue60:115.036165
Eigenvalue61:117.133416
Eigenvalue62:119.251976
Eigenvalue63:121.389922
Eigenvalue64:123.545452
Eigenvalue65:125.716864
Eigenvalue66:127.902541
Eigenvalue67:130.100932
Eigenvalue68:132.310544
Eigenvalue69:134.529931
Eigenvalue70:136.757686
Eigenvalue71:138.992435
Eigenvalue72:141.232831
Eigenvalue73:143.477550
Eigenvalue74:145.725288
Eigenvalue75:147.974758
Eigenvalue76:150.224684
Eigenvalue77:152.473806
Eigenvalue78:154.720870
Eigenvalue79:156.964632
Eigenvalue80:159.203853
Eigenvalue81:161.437300
Eigenvalue82:163.663744
Eigenvalue83:165.881957
Eigenvalue84:168.090714
Eigenvalue85:170.288788
Eigenvalue86:172.474951
Eigenvalue87:174.647975
Eigenvalue88:176.806624
Eigenvalue89:178.949658
Eigenvalue90:181.075831
Eigenvalue91:183.183885
Eigenvalue92:185.272551
Eigenvalue93:187.340547
Eigenvalue94:189.386573
Eigenvalue95:191.409308
Eigenvalue96:193.407407
Eigenvalue97:195.379494
Eigenvalue98:197.324158
Eigenvalue99:199.239947
Eigenvalue100:201.125355
Eigenvalue101:202.978818
Eigenvalue102:204.798694
Eigenvalue103:206.583251
Eigenvalue104:208.330646
Eigenvalue105:210.038895
Eigenvalue106:211.705839
Eigenvalue107:213.329096
Eigenvalue108:214.905989
Eigenvalue109:216.433455
Eigenvalue110:217.907896
Eigenvalue111:219.324951
Eigenvalue112:220.679109
Eigenvalue113:221.962974
Eigenvalue114:223.165492
Eigenvalue115:224.265600
Eigenvalue116:225.217679
Eigenvalue117:226.057377
Eigenvalue118:227.017757
Eigenvalue119:228.145260
Eigenvalue120:229.391924
Eigenvalue121:230.735397
Eigenvalue122:232.165656
Eigenvalue123:233.677352
Eigenvalue124:235.267513
Eigenvalue125:236.934631
Eigenvalue126:238.678231
Eigenvalue127:240.498641
Eigenvalue128:242.396865
Eigenvalue129:244.374521
Eigenvalue130:246.433820
Eigenvalue131:248.577573
Eigenvalue132:250.809226
Eigenvalue133:253.132925
Eigenvalue134:255.553607
Eigenvalue135:258.077128
Eigenvalue136:260.710440
Eigenvalue137:263.461820
Eigenvalue138:266.341200
Eigenvalue139:269.360607
Eigenvalue140:272.534797
Eigenvalue141:275.882170
Eigenvalue142:279.426159
Eigenvalue143:283.197399
Eigenvalue144:287.237339
Eigenvalue145:291.604663
Eigenvalue146:296.387843
Eigenvalue147:301.733170
Eigenvalue148:307.921762
Eigenvalue149:315.680743
