Eigenvalue0:0.136906
Eigenvalue1:0.242101
Eigenvalue2:0.387676
Eigenvalue3:0.576029
Eigenvalue4:0.808936
Eigenvalue5:1.087521
Eigenvalue6:1.412460
Eigenvalue7:1.784138
Eigenvalue8:2.202749
Eigenvalue9:2.668359
Eigenvalue10:3.180941
Eigenvalue11:3.740404
Eigenvalue12:4.346603
Eigenvalue13:4.999348
Eigenvalue14:5.698417
Eigenvalue15:6.443552
Eigenvalue16:7.234468
Eigenvalue17:8.070854
Eigenvalue18:8.952373
Eigenvalue19:9.878665
Eigenvalue20:10.849346
Eigenvalue21:11.864012
Eigenvalue22:12.922238
Eigenvalue23:14.023575
Eigenvalue24:15.167559
Eigenvalue25:16.353702
Eigenvalue26:17.581500
Eigenvalue27:18.850427
Eigenvalue28:20.159940
Eigenvalue29:21.509479
Eigenvalue30:22.898464
Eigenvalue31:24.326299
Eigenvalue32:25.792370
Eigenvalue33:27.296045
Eigenvalue34:28.836679
Eigenvalue35:30.413606
Eigenvalue36:32.026147
Eigenvalue37:33.673608
Eigenvalue38:35.355277
Eigenvalue39:37.070429
Eigenvalue40:38.818323
Eigenvalue41:40.598205
Eigenvalue42:42.409307
Eigenvalue43:44.250846
Eigenvalue44:46.122026
Eigenvalue45:48.022040
Eigenvalue46:49.950066
Eigenvalue47:51.905271
Eigenvalue48:53.886810
Eigenvalue49:55.893827
Eigenvalue50:57.925453
Eigenvalue51:59.980810
Eigenvalue52:62.059010
Eigenvalue53:64.159154
Eigenvalue54:66.280334
Eigenvalue55:68.421632
Eigenvalue56:70.582122
Eigenvalue57:72.760870
Eigenvalue58:74.956933
Eigenvalue59:77.169361
Eigenvalue60:79.397198
Eigenvalue61:81.639479
Eigenvalue62:83.895234
Eigenvalue63:86.163488
Eigenvalue64:88.443258
Eigenvalue65:90.733559
Eigenvalue66:93.033399
Eigenvalue67:95.341784
Eigenvalue68:97.657714
Eigenvalue69:99.980186
Eigenvalue70:102.308197
Eigenvalue71:104.640739
Eigenvalue72:106.976801
Eigenvalue73:109.315374
Eigenvalue74:111.655444
Eigenvalue75:113.995999
Eigenvalue76:116.336026
Eigenvalue77:118.674512
Eigenvalue78:121.010445
Eigenvalue79:123.342813
Eigenvalue80:125.670608
Eigenvalue81:127.992820
Eigenvalue82:130.308446
Eigenvalue83:132.616482
Eigenvalue84:134.915929
Eigenvalue85:137.205792
Eigenvalue86:139.485079
Eigenvalue87:141.752804
Eigenvalue88:144.007984
Eigenvalue89:146.249643
Eigenvalue90:148.476810
Eigenvalue91:150.688521
Eigenvalue92:152.883818
Eigenvalue93:155.061751
Eigenvalue94:157.221375
Eigenvalue95:159.361756
Eigenvalue96:161.481966
Eigenvalue97:163.581087
Eigenvalue98:165.658211
Eigenvalue99:167.712436
Eigenvalue100:169.742873
Eigenvalue101:171.748642
Eigenvalue102:173.728874
Eigenvalue103:175.682710
Eigenvalue104:177.609305
Eigenvalue105:179.507823
Eigenvalue106:181.377440
Eigenvalue107:183.217347
Eigenvalue108:185.026745
Eigenvalue109:186.804850
Eigenvalue110:188.550890
Eigenvalue111:190.264108
Eigenvalue112:191.943760
Eigenvalue113:193.589118
Eigenvalue114:195.199467
Eigenvalue115:196.774107
Eigenvalue116:198.312355
Eigenvalue117:199.813542
Eigenvalue118:201.277014
Eigenvalue119:202.702136
Eigenvalue120:204.088287
Eigenvalue121:205.434863
Eigenvalue122:206.741277
Eigenvalue123:208.006959
Eigenvalue124:209.231355
Eigenvalue125:210.413931
Eigenvalue126:211.554167
Eigenvalue127:212.651563
Eigenvalue128:213.705637
Eigenvalue129:214.715922
Eigenvalue130:215.681972
Eigenvalue131:216.603356
Eigenvalue132:217.479663
Eigenvalue133:218.310496
Eigenvalue134:219.095479
Eigenvalue135:219.834249
Eigenvalue136:220.526461
Eigenvalue137:221.171783
Eigenvalue138:221.769898
Eigenvalue139:222.320496
Eigenvalue140:222.823276
Eigenvalue141:223.277936
Eigenvalue142:223.684164
Eigenvalue143:224.041616
Eigenvalue144:224.349883
Eigenvalue145:224.608400
Eigenvalue146:224.816230
Eigenvalue147:224.971369
Eigenvalue148:225.068603
Eigenvalue149:225.250935
