Eigenvalue0:4.052039
Eigenvalue1:7.882890
Eigenvalue2:11.753541
Eigenvalue3:15.633306
Eigenvalue4:19.510290
Eigenvalue5:23.378726
Eigenvalue6:27.235387
Eigenvalue7:31.078272
Eigenvalue8:34.906038
Eigenvalue9:38.717723
Eigenvalue10:42.512603
Eigenvalue11:46.290102
Eigenvalue12:50.049748
Eigenvalue13:53.791136
Eigenvalue14:57.513912
Eigenvalue15:61.217753
Eigenvalue16:64.902364
Eigenvalue17:68.567465
Eigenvalue18:72.212788
Eigenvalue19:75.838075
Eigenvalue20:79.443072
Eigenvalue21:83.027526
Eigenvalue22:86.591188
Eigenvalue23:90.133806
Eigenvalue24:93.655126
Eigenvalue25:97.154891
Eigenvalue26:100.632840
Eigenvalue27:104.088705
Eigenvalue28:107.522213
Eigenvalue29:110.933082
Eigenvalue30:114.321024
Eigenvalue31:117.685740
Eigenvalue32:121.026921
Eigenvalue33:124.344248
Eigenvalue34:127.637390
Eigenvalue35:130.906002
Eigenvalue36:134.149725
Eigenvalue37:137.368185
Eigenvalue38:140.560992
Eigenvalue39:143.727735
Eigenvalue40:146.867987
Eigenvalue41:149.981297
Eigenvalue42:153.067190
Eigenvalue43:156.125166
Eigenvalue44:159.154697
Eigenvalue45:162.155224
Eigenvalue46:165.126152
Eigenvalue47:168.066849
Eigenvalue48:170.976641
Eigenvalue49:173.854805
Eigenvalue50:176.700566
Eigenvalue51:179.513091
Eigenvalue52:182.291475
Eigenvalue53:185.034740
Eigenvalue54:187.741818
Eigenvalue55:190.411536
Eigenvalue56:193.042604
Eigenvalue57:195.633592
Eigenvalue58:198.182900
Eigenvalue59:200.688727
Eigenvalue60:203.149026
Eigenvalue61:205.561444
Eigenvalue62:207.923236
Eigenvalue63:210.231157
Eigenvalue64:212.481284
Eigenvalue65:214.668753
Eigenvalue66:216.787327
Eigenvalue67:218.828583
Eigenvalue68:220.780150
Eigenvalue69:222.620971
Eigenvalue70:224.312525
Eigenvalue71:225.839372
Eigenvalue72:227.364903
Eigenvalue73:229.064056
Eigenvalue74:230.927199
Eigenvalue75:232.912942
Eigenvalue76:234.998198
Eigenvalue77:237.169846
Eigenvalue78:239.419320
Eigenvalue79:241.740492
Eigenvalue80:244.128718
Eigenvalue81:246.580342
Eigenvalue82:249.092402
Eigenvalue83:251.662446
Eigenvalue84:254.288406
Eigenvalue85:256.968518
Eigenvalue86:259.701255
Eigenvalue87:262.485285
Eigenvalue88:265.319436
Eigenvalue89:268.202668
Eigenvalue90:271.134053
Eigenvalue91:274.112759
Eigenvalue92:277.138033
Eigenvalue93:280.209196
Eigenvalue94:283.325629
Eigenvalue95:286.486766
Eigenvalue96:289.692090
Eigenvalue97:292.941124
Eigenvalue98:296.233430
Eigenvalue99:299.568604
Eigenvalue100:302.946270
Eigenvalue101:306.366080
Eigenvalue102:309.827710
Eigenvalue103:313.330860
Eigenvalue104:316.875247
Eigenvalue105:320.460609
Eigenvalue106:324.086698
Eigenvalue107:327.753285
Eigenvalue108:331.460152
Eigenvalue109:335.207095
Eigenvalue110:338.993922
Eigenvalue111:342.820452
Eigenvalue112:346.686513
Eigenvalue113:350.591946
Eigenvalue114:354.536599
Eigenvalue115:358.520334
Eigenvalue116:362.543035
Eigenvalue117:366.604651
Eigenvalue118:370.705305
Eigenvalue119:374.845616
Eigenvalue120:379.027448
Eigenvalue121:383.255401
Eigenvalue122:387.539070
Eigenvalue123:391.895091
Eigenvalue124:396.346919
Eigenvalue125:400.921056
Eigenvalue126:405.641646
Eigenvalue127:410.527087
Eigenvalue128:415.590053
Eigenvalue129:420.839522
Eigenvalue130:426.282978
Eigenvalue131:431.927988
Eigenvalue132:437.783154
Eigenvalue133:443.858683
Eigenvalue134:450.166794
Eigenvalue135:456.722095
Eigenvalue136:463.542033
Eigenvalue137:470.647476
Eigenvalue138:478.063514
Eigenvalue139:485.820559
Eigenvalue140:493.955927
Eigenvalue141:502.516138
Eigenvalue142:511.560389
Eigenvalue143:521.166024
Eigenvalue144:531.437615
Eigenvalue145:542.523126
Eigenvalue146:554.645522
Eigenvalue147:568.173356
Eigenvalue148:583.814708
Eigenvalue149:603.400981
